1111111111111111111111111
1000000000110000000000001
1011000001110000002000001
1001000000000000000000001
111111111011000001110000000000001
100000000011000001110111110111111
11110111111111011100000010001
11110111111111011101010010001
11000000110101011100000010001
10002000000000001100000010001
10000000000000001101010010001
11000001110101011111011110N0111
111101111110101101111010001
111111111111111111111111111




        1111111111111111111111111
        1700002000011003000000001
        1011050000111003000200001
        1001000000000000500020001
111111111011000200111000000000601
154030000011000400011011111111111
111141111111111311011111111111111
111181111111111811811111111111111
110000000000000500000003111111111
1000000200000000000000001        
1000000000002000002000001        
100000000000000500000N031        
1000111100011100000001111        
1 6 0 1 1  1 1 0 0 1 1 0 0 0 a 0 0 0 1           
1 1 1 1 1  1 1 1 1 1 1 1 1 1 1 1 1 1 1





11111111111111111111111111111
10000000001100000000000000001
10110000011100000020000010001
10010000000000200000000010001
10110000011100000200000010011
10000000001100000111011110001
11110111111111011100000010001
11110111111111011101010010001
11000000110101011100000010001
10002000000000001100000010001
10000000000000001101010010001
10000000000000001101010010N01
11000000110101011111011110001
11110111111101011111011110001
11111111111111111111111111111
10002000000000001100000010001
10000000000000001101010010001
11111111111111111111111111111



        1111111111111111111111111
        1700002000011003000000001
        1011050000111003000200001
        1001000000000000500020001
111111111011000200111000000000601
154030000011000400011011111111111
111141111111111311011111111111111
111181111111111811811111111111111
110000000000000500000003111111111
1000000200000000000000001        
1000000000002000002000001        
100000000000000500000N031        
1000111100011100000001111        
16011110011000a0001           
1111111111111111111

1111111111111111111111111
1000000000110000000000001
1011000001110000002000001
1001000000000000000000001
111111111011000001110000000000001
100000000011000001110111111111111
11110111111111011100000010001
11110111111111011101010010001
11000000110101011100000010001
10002000000000001100000010001
10000000000000000001010010001
11000001110101011111011010N0111
11110111 1110101 101111000001
11111111 1111111 111111111111